935
666
113
792
411
881
136
506
153
319
207
926
205
708
258
613
490
222
299
704
700
227
840
344
702
713
921
924
295
916
381
50
458
298
597
771
420
283
914
580
611
850
650
426
245
462
997
674
382
667
488
788
422
912
354
989
905
747
609
969
236
815
233
846
592
958
496
569
553
974
130
991
481
591
888
487
211
241
55
224
90
190
127
519
348
83
644
836
950
474
128
573
981
115
378
653
262
198
963
866
975
549
808
7
281
440
4
159
12
583
672
147
497
139
669
289
468
754
697
585
435
493
978
691
75
229
589
297
821
953
877
18
686
186
498
758
182
307
811
906
781
778
202
570
302
146
314
311
681
741
334
790
322
657
930
268
34
752
197
734
164
620
402
464
454
451
68
962
111
619
542
568
325
247
132
407
711
688
361
827
449
169
946
551
200
627
191
231
637
801
794
954
151
576
895
847
964
240
876
833
934
972
922
457
715
983
996
1000
312
720
142
632
870
434
425
743
59
489
63
428
508
740
199
514
376
658
327
379
104
944
178
331
49
259
460
305
705
329
659
537
372
515
600
387
100
725
461
102
282
699
640
237
707
612
504
35
910
368
315
326
144
533
275
739
874
270
76
129
603
216
928
448
770
92
879
180
349
401
138
308
929
683
538
417
219
575
256
512
596
403
265
633
862
745
607
913
721
377
759
564
948
121
635
510
61
148
194
479
838
598
201
525
37
814
655
397
332
125
155
103
824
150
177
785
40
817
730
750
643
82
160
78
260
230
473
656
459
718
54
64
966
84
173
722
654
511
816
441
624
157
418
787
69
317
393
942
405
167
114
286
94
897
184
545
412
495
539
668
864
436
823
798
706
646
446
977
456
292
80
38
369
480
14
593
279
491
339
336
786
310
844
517
492
645
610
5
988
698
755
445
938
366
900
567
797
630
825
828
373
845
793
682
500
415
350
544
413
748
949
174
768
145
149
582
773
17
791
158
294
109
450
940
81
374
738
187
628
971
41
360
503
486
892
287
223
483
703
97
941
185
433
137
105
284
554
363
175
419
684
31
528
726
861
466
599
689
604
796
779
21
851
30
152
472
614
775
272
993
51
560
206
23
513
172
32
340
742
410
163
48
24
394
406
696
408
952
53
951
982
753
3
984
188
777
384
44
274
826
848
276
998
423
652
98
140
328
999
917
365
931
431
651
463
530
863
865
429
215
134
353
110
118
252
296
430
33
204
439
143
529
246
829
91
395
852
13
818
556
602
617
303
572
165
769
277
437
642
166
805
719
898
649
571
622
831
723
214
288
357
359
579
26
20
868
122
254
28
685
452
548
678
87
590
6
421
389
578
957
729
516
77
290
324
621
388
371
804
902
45
86
676
385
390
534
774
896
56
399
943
581
2
499
937
727
208
60
251
712
858
352
918
67
915
799
267
285
181
819
782
807
15
95
724
261
93
72
306
42
239
605
970
234
343
968
536
484
192
505
647
961
854
638
907
693
203
467
179
618
253
546
475
527
10
70
455
588
171
36
670
559
873
156
594
392
123
933
29
967
894
521
73
886
980
210
760
780
736
333
278
531
911
131
834
79
250
22
990
830
885
709
522
673
416
248
11
812
465
960
986
795
919
119
813
565
832
396
662
162
485
965
107
749
243
765
557
932
661
228
733
772
273
135
1
882
857
763
880
608
89
271
887
46
117
841
225
244
884
355
822
62
616
280
692
438
367
220
839
318
903
959
218
577
766
477
806
263
540
47
442
27
606
476
535
629
994
761
680
853
695
956
810
574
687
690
471
883
751
842
939
362
547
99
432
995
502
737
789
320
901
400
925
414
141
563
802
96
209
453
985
936
904
364
543
891
757
85
636
716
16
631
735
973
869
116
878
255
43
358
893
586
976
595
641
679
524
335
584
889
732
391
908
470
101
195
346
226
304
370
120
447
133
409
212
615
671
342
170
859
856
345
347
242
899
213
860
587
330
52
427
189
561
264
309
835
9
494
660
920
714
221
626
872
648
424
871
809
764
351
88
124
341
800
106
176
890
469
979
398
266
313
776
58
235
555
25
509
66
196
762
837
383
39
217
783
601
710
756
161
675
955
849
108
443
803
532
518
238
566
843
523
664
321
338
784
380
558
923
701
249
665
404
562
316
746
501
154
526
992
183
694
987
507
875
269
663
57
731
71
375
909
8
625
193
945
126
293
623
323
337
820
386
301
444
552
927
482
634
767
947
300
74
19
744
677
728
257
639
232
356
168
112
65
291
541
717
855
550
867
520
478