29
24
16
22
10
6
24
3
25
15
6
25
16
10
14
1
20
22
14
22
6
13
25
23
13
30
13
3
6
25
4
13
16
8
19
21
1
6
19
2
29
1
20
13
16
8
8
15
13
14
23
25
23
29
29
18
18
17
9
10
27
18
8
26
28
17
26
29
4
9
4
2
25
2
24
4
30
7
24
12
17
1
6
16
29
28
21
17
19
1
16
16
13
5
28
16
21
30
16
10
2
23
6
29
26
4
19
24
10
7
10
23
22
16
21
8
23
22
6
27
33
52
33
57
46
41
37
42
48
57
37
45
35
45
56
49
46
53
35
48
55
59
41
59
51
38
49
37
49
40
55
60
41
43
48
54
59
54
59
35
58
50
45
48
50
56
38
34
48
44
46
43
43
32
60
49
48
31
60
33
56
36
57
49
60
42
34
46
38
32
40
43
45
57
46
31
32
57
54
37
58
51
52
57
43
31
53
48
38
42
110
110
243
261
275
169
251
108
173
293
82
61
291
161
157
267
273
172
292
66
290
178
74
292
179
151
193
98
246
74
183
188
188
134
162
151
288
278
223
70
198
133
276
72
176
177
241
282
252
227
75
288
228
142
217
235
68
141
279
271
177
91
132
187
176
125
60
261
155
195
116
241
96
92
125
179
83
283
153
185
62
212
76
115
282
245
163
149
277
223