145
110
94
98
36
164
171
244
243
187
59
269
53
3
260
21
85
26
57
75
234
188
219
105
287
9
129
278
231
137
225
127
287
119
205
242
13
221
127
275
226
99
287
106
234
55
201
117
150
287
132
267
265
27
170
287
24
263
121
51
158
85
202
187
135
119
65
158
68
152
2
97
112
257
64
250
90
260
121
171
74
223
290
193
150
70
145
286
157
227
263
63
102
133
103
283
106
192
136
102
141
189
105
158
11
188
236
168
71
6
296
130
93
209
60
2
203
209
255
91
5
132
11
17
162
138
137
207
163
58
212
295
32
291
89
140
145
185
208
174
273
199
123
81
167
4
43
217
88
205
236
89
142
273
20
211
71
190
59
47
22
21
124
14
79
293
67
218
174
283
212
139
224
198
131
197
233
168
89
59
80
23
144
177
226
47
173
32
86
31
273
266
267
282
77
158
58
88
242
158
180
30
221
269
125
82
253
279
171
225
69
257
263
262
295
208
279
283
237
168
114
187
34
16
63
66
5
96
183
281
187
180
236
73
206
173
107
112
164
26
292
56
111
230
279
179
232
99
214
4
111
156
119
209
183
12
294
33
46
286
268
35
233
5
282
214
163
10
17
278
169
237
223
15
193
293
242
57
295
82
91
197
175
254
44
63
205
187
152
29
39
92
54
127
31
48
278
164
291
56