810
579
658
808
305
330
19
157
905
310
39
912
79
487
654
944
742
587
416
450
519
246
783
183
324
115
29
423
16
501
76
200
61
276
850
1000
397
944
636
391
337
368
254
598
181
858
775
954
484
522
984
652
482
641
931
833
962
857
824
467
731
809
591
711
852
731
613
607
281
183
629
203
327
322
693
761
420
431
588
699
528
777
450
692
920
206
954
637
535
647
492
984
251
642
989
936
50
18
910
460
160
818
775
584
207
370
895
684
4
953
329
484
742
525
468
956
166
948
322
630
307
569
46
207
368
362
3
27
676
181
586
174
276
379
163
238
707
584
45
800
356
970
260
453
418
272
286
445
861
689
927
698
846
671
870
942
967
481
565
193
126
153
14
382
699
369
58
730
159
469
273
745
95
388
448
339
444
137
689
926
262
677
641
394
70
775
853
620
130
643
43
693
321
39
526
163
619
823
803
267
476
89
812
288
511
495
59
68
245
60
210
639
576
971
584
218
414
271
397
190
781
315
886
669
675
826
700
620
613
636
608
302
751
963
235
204
61
435
786
227
226
892
663
93
752
400
624
520
306
452
918
263
688
562
683
403
615
162
992
824
266
89
505
178
199
775
796
634
55
639
874
882
431
15
553
124
581
570
290
551
344
260
361
270
89
841
318
963
932
250
946
65
605
202
137
907
248
648
52
152