171
125
52
142
65
78
29
199
300
50
187
68
231
36
170
218
222
244
223
23
3
259
223
121
282
137
89
148
193
172
209
174
289
7
175
252
84
210
127
130
272
155
200
196
119
29
100
199
100
296
2
81
152
210
70
42
208
116
159
123
3
220
173
108
262
285
182
244
95
289
174
278
30
190
15
215
140
271
61
57
2
193
66
237
297
35
32
70
93
291
270
268
120
86
109
43
235
94
119
162
180
203
300
211
29
46
111
2
172
40
6
268
228
224
243
151
297
160
95
176
43
82
113
297
168
174
287
236
79
194
109
65
207
43
104
122
92
289
222
2
236
298
71
257
62
297
107
190
109
30
269
135
274
143
41
152
112
2
114
67
12
173
150
195
209
162
247
147
233
87
296
49
71
84
236
17
251
49
29
235
277
36
23
175
281
97
60
174
279
288
195
58
37
187
225
154
80
227
60
85
29
58
139
159
43
197
114
292
122
100
3
290
55
76
128
150
74
294
270
20
152
96
247
71
270
24
20
260
298
296
62
155
244
103
45
140
165
271
244
13
95
52
98
119
187
279
266
212
213
96
145
73
216
267
119
173
229
67
20
154
270
29
148
257
259
298
13
295
136
216
268
13
179
207
300
233
211
255
78
149
64
36
168
33
4
65
45
137
213
167
43
2
214
274
203
154
172
144
188
170