290
280
178
133
120
47
27
54
134
121
149
51
15
5
249
185
263
135
114
84
236
277
198
169
156
38
86
245
230
94
124
193
63
229
268
130
7
248
100
87
292
103
70
42
6
182
49
158
223
167
243
79
221
246
69
72
22
283
71
127
91
252
102
50
53
146
196
141
279
101
256
163
106
56
195
237
187
126
201
295
153
217
123
296
105
272
48
117
95
128
45
37
35
83
62
140
144
76
288
77
11
177
262
148
247
99
297
116
34
46
224
65
13
254
209
97
20
179
109
60
93
138
269
98
136
239
131
213
278
44
12
2
260
110
4
189
159
259
73
119
197
222
112
157
18
228
289
180
172
152
52
202
30
282
166
1
107
31
234
300
216
81
78
32
23
3
151
173
266
214
61
253
294
238
33
174
175
210
39
111
199
274
215
55
10
147
125
58
233
115
192
258
16
191
231
240
225
261
24
88
265
186
137
281
41
160
132
142
17
139
227
26
168
89
14
162
82
9
68
143
92
235
218
212
122
232
250
19
203
165
220
118
164
264
298
286
241
75
206
267
184
170
205
299
57
255
287
200
208
219
96
25
108
29
21
275
188
183
36
242
251
43
59
154
64
226
66
171
244
161
207
211
28
204
155
285
85
284
270
129
40
113
194
80
293
273
8
150
181
257
74
176
145
276
271
190
67
104
90
291